   3.2000000e+02	   1.7097486e+00	
   3.2200000e+02	   1.7200231e+00	
   3.2400000e+02	   1.7319970e+00	
   3.2600000e+02	   1.7458020e+00	
   3.2800000e+02	   1.7615657e+00	
   3.3000000e+02	   1.7794073e+00	
   3.3200000e+02	   1.7994327e+00	
   3.3400000e+02	   1.8217289e+00	
   3.3600000e+02	   1.8463575e+00	
   3.3800000e+02	   1.8733479e+00	
   3.4000000e+02	   1.9026909e+00	
   3.4200000e+02	   1.9343320e+00	
   3.4400000e+02	   1.9681656e+00	
   3.4600000e+02	   2.0040311e+00	
   3.4800000e+02	   2.0417109e+00	
   3.5000000e+02	   2.0809307e+00	
   3.5200000e+02	   2.1213631e+00	
   3.5400000e+02	   2.1626346e+00	
   3.5600000e+02	   2.2043353e+00	
   3.5800000e+02	   2.2460312e+00	
   3.6000000e+02	   2.2872796e+00	
   3.6200000e+02	   2.3276438e+00	
   3.6400000e+02	   2.3667092e+00	
   3.6600000e+02	   2.4040972e+00	
   3.6800000e+02	   2.4394771e+00	
   3.7000000e+02	   2.4725753e+00	
   3.7200000e+02	   2.5031805e+00	
   3.7400000e+02	   2.5311461e+00	
   3.7600000e+02	   2.5563887e+00	
   3.7800000e+02	   2.5788841e+00	
   3.8000000e+02	   2.5986614e+00	
   3.8200000e+02	   2.6157954e+00	
   3.8400000e+02	   2.6303981e+00	
   3.8600000e+02	   2.6426109e+00	
   3.8800000e+02	   2.6525960e+00	
   3.9000000e+02	   2.6605294e+00	
   3.9200000e+02	   2.6665948e+00	
   3.9400000e+02	   2.6709775e+00	
   3.9600000e+02	   2.6738610e+00	
   3.9800000e+02	   2.6754230e+00	
   4.0000000e+02	   2.6758331e+00	
   4.0200000e+02	   2.6752515e+00	
   4.0400000e+02	   2.6738275e+00	
   4.0600000e+02	   2.6716992e+00	
   4.0800000e+02	   2.6689935e+00	
   4.1000000e+02	   2.6658264e+00	
   4.1200000e+02	   2.6623029e+00	
   4.1400000e+02	   2.6585183e+00	
   4.1600000e+02	   2.6545583e+00	
   4.1800000e+02	   2.6505001e+00	
   4.2000000e+02	   2.6464130e+00	
   4.2200000e+02	   2.6423589e+00	
   4.2400000e+02	   2.6383935e+00	
   4.2600000e+02	   2.6345666e+00	
   4.2800000e+02	   2.6309224e+00	
   4.3000000e+02	   2.6275009e+00	
   4.3200000e+02	   2.6243374e+00	
   4.3400000e+02	   2.6214637e+00	
   4.3600000e+02	   2.6189080e+00	
   4.3800000e+02	   2.6166954e+00	
   4.4000000e+02	   2.6148479e+00	
   4.4200000e+02	   2.6133851e+00	
   4.4400000e+02	   2.6123238e+00	
   4.4600000e+02	   2.6116784e+00	
   4.4800000e+02	   2.6114608e+00	
   4.5000000e+02	   2.6116808e+00	
   4.5200000e+02	   2.6123456e+00	
   4.5400000e+02	   2.6134599e+00	
   4.5600000e+02	   2.6150262e+00	
   4.5800000e+02	   2.6170441e+00	
   4.6000000e+02	   2.6195109e+00	
   4.6200000e+02	   2.6224207e+00	
   4.6400000e+02	   2.6257650e+00	
   4.6600000e+02	   2.6295323e+00	
   4.6800000e+02	   2.6337081e+00	
   4.7000000e+02	   2.6382745e+00	
   4.7200000e+02	   2.6432107e+00	
   4.7400000e+02	   2.6484926e+00	
   4.7600000e+02	   2.6540930e+00	
   4.7800000e+02	   2.6599816e+00	
   4.8000000e+02	   2.6661253e+00	
   4.8200000e+02	   2.6724883e+00	
   4.8400000e+02	   2.6790321e+00	
   4.8600000e+02	   2.6857164e+00	
   4.8800000e+02	   2.6924989e+00	
   4.9000000e+02	   2.6993361e+00	
   4.9200000e+02	   2.7061835e+00	
   4.9400000e+02	   2.7129963e+00	
   4.9600000e+02	   2.7197298e+00	
   4.9800000e+02	   2.7263400e+00	
   5.0000000e+02	   2.7327842e+00	
   5.0200000e+02	   2.7390214e+00	
   5.0400000e+02	   2.7450127e+00	
   5.0600000e+02	   2.7507221e+00	
   5.0800000e+02	   2.7561167e+00	
   5.1000000e+02	   2.7611668e+00	
   5.1200000e+02	   2.7658465e+00	
   5.1400000e+02	   2.7701338e+00	
   5.1600000e+02	   2.7740108e+00	
   5.1800000e+02	   2.7774634e+00	
   5.2000000e+02	   2.7804817e+00	
   5.2200000e+02	   2.7830597e+00	
   5.2400000e+02	   2.7851948e+00	
   5.2600000e+02	   2.7868885e+00	
   5.2800000e+02	   2.7881451e+00	
   5.3000000e+02	   2.7889722e+00	
   5.3200000e+02	   2.7893798e+00	
   5.3400000e+02	   2.7893804e+00	
   5.3600000e+02	   2.7889886e+00	
   5.3800000e+02	   2.7882205e+00	
   5.4000000e+02	   2.7870938e+00	
   5.4200000e+02	   2.7856271e+00	
   5.4400000e+02	   2.7838398e+00	
   5.4600000e+02	   2.7817518e+00	
   5.4800000e+02	   2.7793833e+00	
   5.5000000e+02	   2.7767547e+00	
   5.5200000e+02	   2.7738860e+00	
   5.5400000e+02	   2.7707971e+00	
   5.5600000e+02	   2.7675073e+00	
   5.5800000e+02	   2.7640357e+00	
   5.6000000e+02	   2.7604002e+00	
   5.6200000e+02	   2.7566185e+00	
   5.6400000e+02	   2.7527073e+00	
   5.6600000e+02	   2.7486824e+00	
   5.6800000e+02	   2.7445589e+00	
   5.7000000e+02	   2.7403511e+00	
   5.7200000e+02	   2.7360722e+00	
   5.7400000e+02	   2.7317348e+00	
   5.7600000e+02	   2.7273506e+00	
   5.7800000e+02	   2.7229305e+00	
   5.8000000e+02	   2.7184846e+00	
   5.8200000e+02	   2.7140222e+00	
   5.8400000e+02	   2.7095520e+00	
   5.8600000e+02	   2.7050819e+00	
   5.8800000e+02	   2.7006193e+00	
   5.9000000e+02	   2.6961707e+00	
   5.9200000e+02	   2.6917425e+00	
   5.9400000e+02	   2.6873401e+00	
   5.9600000e+02	   2.6829686e+00	
   5.9800000e+02	   2.6786327e+00	
   6.0000000e+02	   2.6743365e+00	
   6.0200000e+02	   2.6700839e+00	
   6.0400000e+02	   2.6658782e+00	
   6.0600000e+02	   2.6617226e+00	
   6.0800000e+02	   2.6576198e+00	
   6.1000000e+02	   2.6535723e+00	
   6.1200000e+02	   2.6495823e+00	
   6.1400000e+02	   2.6456519e+00	
   6.1600000e+02	   2.6417828e+00	
   6.1800000e+02	   2.6379767e+00	
   6.2000000e+02	   2.6342349e+00	
   6.2200000e+02	   2.6305587e+00	
   6.2400000e+02	   2.6269494e+00	
   6.2600000e+02	   2.6234078e+00	
   6.2800000e+02	   2.6199350e+00	
   6.3000000e+02	   2.6165318e+00	
   6.3200000e+02	   2.6131989e+00	
   6.3400000e+02	   2.6099371e+00	
   6.3600000e+02	   2.6067470e+00	
   6.3800000e+02	   2.6036292e+00	
   6.4000000e+02	   2.6005844e+00	
   6.4200000e+02	   2.5976131e+00	
   6.4400000e+02	   2.5947160e+00	
   6.4600000e+02	   2.5918935e+00	
   6.4800000e+02	   2.5891464e+00	
   6.5000000e+02	   2.5864752e+00	
   6.5200000e+02	   2.5838806e+00	
   6.5400000e+02	   2.5813633e+00	
   6.5600000e+02	   2.5789241e+00	
   6.5800000e+02	   2.5765637e+00	
   6.6000000e+02	   2.5742832e+00	
   6.6200000e+02	   2.5720833e+00	
   6.6400000e+02	   2.5699653e+00	
   6.6600000e+02	   2.5679301e+00	
   6.6800000e+02	   2.5659792e+00	
   6.7000000e+02	   2.5641137e+00	
   6.7200000e+02	   2.5623352e+00	
   6.7400000e+02	   2.5606454e+00	
   6.7600000e+02	   2.5590459e+00	
   6.7800000e+02	   2.5575386e+00	
   6.8000000e+02	   2.5561257e+00	
   6.8200000e+02	   2.5548092e+00	
   6.8400000e+02	   2.5535918e+00	
   6.8600000e+02	   2.5524758e+00	
   6.8800000e+02	   2.5514642e+00	
   6.9000000e+02	   2.5505599e+00	
   6.9200000e+02	   2.5497661e+00	
   6.9400000e+02	   2.5490862e+00	
   6.9600000e+02	   2.5485238e+00	
   6.9800000e+02	   2.5480829e+00	
   7.0000000e+02	   2.5477675e+00	
   7.0200000e+02	   2.5475818e+00	
   7.0400000e+02	   2.5475304e+00	
   7.0600000e+02	   2.5476179e+00	
   7.0800000e+02	   2.5478491e+00	
   7.1000000e+02	   2.5482289e+00	
   7.1200000e+02	   2.5487623e+00	
   7.1400000e+02	   2.5494540e+00	
   7.1600000e+02	   2.5503090e+00	
   7.1800000e+02	   2.5513317e+00	
   7.2000000e+02	   2.5525263e+00	
   7.2200000e+02	   2.5538960e+00	
   7.2400000e+02	   2.5554436e+00	
   7.2600000e+02	   2.5571704e+00	
   7.2800000e+02	   2.5590761e+00	
   7.3000000e+02	   2.5611586e+00	
   7.3200000e+02	   2.5634129e+00	
   7.3400000e+02	   2.5658311e+00	
   7.3600000e+02	   2.5684012e+00	
   7.3800000e+02	   2.5711064e+00	
   7.4000000e+02	   2.5739242e+00	
   7.4200000e+02	   2.5768255e+00	
   7.4400000e+02	   2.5797733e+00	
   7.4600000e+02	   2.5827223e+00	
   7.4800000e+02	   2.5856172e+00	
   7.5000000e+02	   2.5883932e+00	
   7.5200000e+02	   2.5909748e+00	
   7.5400000e+02	   2.5932769e+00	
   7.5600000e+02	   2.5952057e+00	
   7.5800000e+02	   2.5966608e+00	
   7.6000000e+02	   2.5975384e+00	
   7.6200000e+02	   2.5977359e+00	
   7.6400000e+02	   2.5971566e+00	
   7.6600000e+02	   2.5957159e+00	
   7.6800000e+02	   2.5933478e+00	
   7.7000000e+02	   2.5900099e+00	
   7.7200000e+02	   2.5856886e+00	
   7.7400000e+02	   2.5804014e+00	
   7.7600000e+02	   2.5741978e+00	
   7.7800000e+02	   2.5671569e+00	
   7.8000000e+02	   2.5593833e+00	
   7.8200000e+02	   2.5510008e+00	
   7.8400000e+02	   2.5421448e+00	
   7.8600000e+02	   2.5329553e+00	
   7.8800000e+02	   2.5235693e+00	
   7.9000000e+02	   2.5141153e+00	
   7.9200000e+02	   2.5047083e+00	
   7.9400000e+02	   2.4954475e+00	
   7.9600000e+02	   2.4864146e+00	
   7.9800000e+02	   2.4776739e+00	
   8.0000000e+02	   2.4692732e+00	
   8.0200000e+02	   2.4612455e+00	
   8.0400000e+02	   2.4536108e+00	
   8.0600000e+02	   2.4463781e+00	
   8.0800000e+02	   2.4395479e+00	
   8.1000000e+02	   2.4331138e+00	
   8.1200000e+02	   2.4270640e+00	
   8.1400000e+02	   2.4213834e+00	
   8.1600000e+02	   2.4160542e+00	
   8.1800000e+02	   2.4110570e+00	
   8.2000000e+02	   2.4063719e+00	
   8.2200000e+02	   2.4019788e+00	
   8.2400000e+02	   2.3978576e+00	
   8.2600000e+02	   2.3939893e+00	
   8.2800000e+02	   2.3903553e+00	
   8.3000000e+02	   2.3869381e+00	
   8.3200000e+02	   2.3837214e+00	
   8.3400000e+02	   2.3806896e+00	
   8.3600000e+02	   2.3778285e+00	
   8.3800000e+02	   2.3751248e+00	
   8.4000000e+02	   2.3725663e+00	
   8.4200000e+02	   2.3701417e+00	
   8.4400000e+02	   2.3678407e+00	
   8.4600000e+02	   2.3656536e+00	
   8.4800000e+02	   2.3635717e+00	
   8.5000000e+02	   2.3615871e+00	
   8.5200000e+02	   2.3596925e+00	
   8.5400000e+02	   2.3578810e+00	
   8.5600000e+02	   2.3561466e+00	
   8.5800000e+02	   2.3544836e+00	
   8.6000000e+02	   2.3528870e+00	
   8.6200000e+02	   2.3513519e+00	
   8.6400000e+02	   2.3498740e+00	
   8.6600000e+02	   2.3484495e+00	
   8.6800000e+02	   2.3470747e+00	
   8.7000000e+02	   2.3457462e+00	
   8.7200000e+02	   2.3444611e+00	
   8.7400000e+02	   2.3432164e+00	
   8.7600000e+02	   2.3420096e+00	
   8.7800000e+02	   2.3408384e+00	
   8.8000000e+02	   2.3397005e+00	
   8.8200000e+02	   2.3385939e+00	
   8.8400000e+02	   2.3375169e+00	
   8.8600000e+02	   2.3364675e+00	
   8.8800000e+02	   2.3354444e+00	
   8.9000000e+02	   2.3344460e+00	
   8.9200000e+02	   2.3334709e+00	
   8.9400000e+02	   2.3325180e+00	
   8.9600000e+02	   2.3315860e+00	
   8.9800000e+02	   2.3306738e+00	
   9.0000000e+02	   2.3297805e+00	
   9.0200000e+02	   2.3289051e+00	
   9.0400000e+02	   2.3280468e+00	
   9.0600000e+02	   2.3272047e+00	
   9.0800000e+02	   2.3263781e+00	
   9.1000000e+02	   2.3255663e+00	
   9.1200000e+02	   2.3247686e+00	
   9.1400000e+02	   2.3239845e+00	
   9.1600000e+02	   2.3232132e+00	
   9.1800000e+02	   2.3224544e+00	
   9.2000000e+02	   2.3217075e+00	
   9.2200000e+02	   2.3209721e+00	
   9.2400000e+02	   2.3202476e+00	
   9.2600000e+02	   2.3195337e+00	
   9.2800000e+02	   2.3188300e+00	
   9.3000000e+02	   2.3181361e+00	
   9.3200000e+02	   2.3174516e+00	
   9.3400000e+02	   2.3167763e+00	
   9.3600000e+02	   2.3161098e+00	
   9.3800000e+02	   2.3154519e+00	
   9.4000000e+02	   2.3148022e+00	
   9.4200000e+02	   2.3141605e+00	
   9.4400000e+02	   2.3135266e+00	
   9.4600000e+02	   2.3129002e+00	
   9.4800000e+02	   2.3122811e+00	
   9.5000000e+02	   2.3116691e+00	
   9.5200000e+02	   2.3110639e+00	
   9.5400000e+02	   2.3104655e+00	
   9.5600000e+02	   2.3098735e+00	
   9.5800000e+02	   2.3092880e+00	
   9.6000000e+02	   2.3087086e+00	
   9.6200000e+02	   2.3081352e+00	
   9.6400000e+02	   2.3075677e+00	
   9.6600000e+02	   2.3070059e+00	
   9.6800000e+02	   2.3064497e+00	
   9.7000000e+02	   2.3058990e+00	
   9.7200000e+02	   2.3053536e+00	
   9.7400000e+02	   2.3048135e+00	
   9.7600000e+02	   2.3042784e+00	
   9.7800000e+02	   2.3037483e+00	
   9.8000000e+02	   2.3032232e+00	
   9.8200000e+02	   2.3027028e+00	
   9.8400000e+02	   2.3021871e+00	
   9.8600000e+02	   2.3016760e+00	
   9.8800000e+02	   2.3011695e+00	
   9.9000000e+02	   2.3006673e+00	
   9.9200000e+02	   2.3001695e+00	
   9.9400000e+02	   2.2996759e+00	
   9.9600000e+02	   2.2991865e+00	
   9.9800000e+02	   2.2987013e+00	
   1.0000000e+03	   2.2982200e+00	
   1.0020000e+03	   2.2977428e+00	
   1.0040000e+03	   2.2972694e+00	
   1.0060000e+03	   2.2967998e+00	
   1.0080000e+03	   2.2963341e+00	
   1.0100000e+03	   2.2958720e+00	
   1.0120000e+03	   2.2954136e+00	
   1.0140000e+03	   2.2949587e+00	
   1.0160000e+03	   2.2945074e+00	
   1.0180000e+03	   2.2940596e+00	
   1.0200000e+03	   2.2936152e+00	
   1.0220000e+03	   2.2931742e+00	
   1.0240000e+03	   2.2927365e+00	
   1.0260000e+03	   2.2923021e+00	
   1.0280000e+03	   2.2918709e+00	
   1.0300000e+03	   2.2914429e+00	
   1.0320000e+03	   2.2910180e+00	
   1.0340000e+03	   2.2905963e+00	
   1.0360000e+03	   2.2901775e+00	
   1.0380000e+03	   2.2897618e+00	
   1.0400000e+03	   2.2893491e+00	
   1.0420000e+03	   2.2889393e+00	
   1.0440000e+03	   2.2885324e+00	
   1.0460000e+03	   2.2881284e+00	
   1.0480000e+03	   2.2877272e+00	
   1.0500000e+03	   2.2873288e+00	
   1.0520000e+03	   2.2869331e+00	
   1.0540000e+03	   2.2865402e+00	
   1.0560000e+03	   2.2861499e+00	
   1.0580000e+03	   2.2857623e+00	
   1.0600000e+03	   2.2853773e+00	
   1.0620000e+03	   2.2849949e+00	
   1.0640000e+03	   2.2846150e+00	
   1.0660000e+03	   2.2842377e+00	
   1.0680000e+03	   2.2838629e+00	
   1.0700000e+03	   2.2834906e+00	
   1.0720000e+03	   2.2831207e+00	
   1.0740000e+03	   2.2827532e+00	
   1.0760000e+03	   2.2823881e+00	
   1.0780000e+03	   2.2820254e+00	
   1.0800000e+03	   2.2816650e+00	
   1.0820000e+03	   2.2813069e+00	
   1.0840000e+03	   2.2809511e+00	
   1.0860000e+03	   2.2805975e+00	
   1.0880000e+03	   2.2802462e+00	
   1.0900000e+03	   2.2798972e+00	
   1.0920000e+03	   2.2795503e+00	
   1.0940000e+03	   2.2792055e+00	
   1.0960000e+03	   2.2788630e+00	
   1.0980000e+03	   2.2785225e+00	
   1.1000000e+03	   2.2781841e+00	
