   2.2593036e+00
   2.2475415e+00
   2.2362264e+00
   2.2253147e+00
   2.2148047e+00
   2.2047117e+00
   2.1950362e+00
   2.1857254e+00
   2.1768025e+00
   2.1682841e+00
   2.1601373e+00
   2.1523724e+00
   2.1450599e+00
   2.1381512e+00
   2.1315284e+00
   2.1251704e+00
   2.1190739e+00
   2.1131623e+00
   2.1074477e+00
   2.1019172e+00
   2.0965617e+00
   2.0913435e+00
   2.0862687e+00
   2.0813402e+00
   2.0765318e+00
   2.0718353e+00
   2.0672537e+00
   2.0627854e+00
   2.0584027e+00
   2.0541139e+00
   2.0499123e+00
   2.0458163e+00
   2.0417792e+00
   2.0378202e+00
   2.0339321e+00
   2.0301317e+00
   2.0263775e+00
   2.0226875e+00
   2.0190569e+00
   2.0154951e+00
   2.0119791e+00
   2.0085127e+00
   2.0050955e+00
   2.0017258e+00
   1.9984003e+00
   1.9951349e+00
   1.9918945e+00
   1.9886952e+00
   1.9855339e+00
   1.9824092e+00
   1.9793192e+00
   1.9762758e+00
   1.9732502e+00
   1.9702562e+00
   1.9672917e+00
   1.9643554e+00
   1.9614460e+00
   1.9585625e+00
   1.9557039e+00
   1.9528699e+00
   1.9500679e+00
   1.9472764e+00
   1.9445062e+00
   1.9417559e+00
   1.9390247e+00
   1.9363116e+00
   1.9336159e+00
   1.9309368e+00
   1.9282736e+00
   1.9256255e+00
   1.9229919e+00
   1.9203721e+00
   1.9177654e+00
   1.9151712e+00
   1.9125889e+00
   1.9100180e+00
   1.9074579e+00
   1.9049090e+00
   1.9023574e+00
   1.8998269e+00
   1.8973044e+00
   1.8947903e+00
   1.8922840e+00
   1.8897851e+00
   1.8872930e+00
   1.8848073e+00
   1.8823213e+00
   1.8798441e+00
   1.8773751e+00
   1.8749114e+00
   1.8724519e+00
   1.8699922e+00
   1.8675360e+00
   1.8650881e+00
   1.8626439e+00
   1.8601938e+00
   1.8577531e+00
   1.8553157e+00
   1.8528758e+00
   1.8504378e+00
   1.8480054e+00
   1.8455730e+00
   1.8431348e+00
   1.8407064e+00
   1.8382672e+00
   1.8358380e+00
   1.8334081e+00
   1.8309687e+00
   1.8285374e+00
   1.8260986e+00
   1.8236677e+00
   1.8212241e+00
   1.8187906e+00
   1.8163425e+00
   1.8139061e+00
   1.8114537e+00
   1.8090131e+00
   1.8065574e+00
   1.8041000e+00
   1.8016510e+00
   1.7991860e+00
   1.7967224e+00
   1.7942611e+00
   1.7917873e+00
   1.7893151e+00
   1.7868386e+00
   1.7843544e+00
   1.7818646e+00
   1.7793735e+00
   1.7768808e+00
   1.7743820e+00
   1.7718747e+00
   1.7693623e+00
   1.7668486e+00
   1.7643315e+00
   1.7618064e+00
   1.7592724e+00
   1.7567347e+00
   1.7541905e+00
   1.7516395e+00
   1.7490878e+00
   1.7465214e+00
   1.7439550e+00
   1.7413783e+00
   1.7387969e+00
   1.7362095e+00
   1.7336123e+00
   1.7310138e+00
   1.7284014e+00
   1.7257796e+00
   1.7231629e+00
   1.7205258e+00
   1.7178898e+00
   1.7152421e+00
   1.7125828e+00
   1.7099291e+00
   1.7072538e+00
   1.7045720e+00
   1.7018827e+00
   1.6991945e+00
   1.6964873e+00
   1.6937721e+00
   1.6910484e+00
   1.6883162e+00
   1.6855826e+00
   1.6828365e+00
   1.6800782e+00
   1.6773106e+00
   1.6745339e+00
   1.6717479e+00
   1.6689527e+00
   1.6661481e+00
   1.6633339e+00
   1.6605099e+00
   1.6576716e+00
   1.6548220e+00
   1.6519687e+00
   1.6491055e+00
   1.6462322e+00
   1.6433495e+00
   1.6404435e+00
   1.6375393e+00
   1.6346244e+00
   1.6316901e+00
   1.6287514e+00
   1.6258039e+00
   1.6228410e+00
   1.6198658e+00
   1.6168871e+00
   1.6138816e+00
   1.6108817e+00
   1.6078532e+00
   1.6048298e+00
   1.6017807e+00
   1.5987187e+00
   1.5956610e+00
   1.5925745e+00
   1.5894793e+00
   1.5863837e+00
   1.5832607e+00
   1.5801314e+00
   1.5769919e+00
   1.5738367e+00
   1.5706643e+00
   1.5674810e+00
   1.5642852e+00
   1.5610742e+00
   1.5578544e+00
   1.5546260e+00
   1.5513669e+00
   1.5481114e+00
   1.5448273e+00
   1.5415425e+00
   1.5382337e+00
   1.5349180e+00
   1.5315771e+00
   1.5282389e+00
   1.5248701e+00
   1.5214875e+00
   1.5181036e+00
   1.5146937e+00
   1.5112681e+00
   1.5078275e+00
   1.5043738e+00
   1.5009149e+00
   1.4974284e+00
   1.4939268e+00
   1.4904099e+00
   1.4868773e+00
   1.4833290e+00
   1.4797649e+00
   1.4761848e+00
   1.4725887e+00
   1.4689764e+00
   1.4653360e+00
   1.4616875e+00
   1.4580250e+00
   1.4543474e+00
   1.4506343e+00
   1.4469224e+00
   1.4431927e+00
   1.4394302e+00
   1.4356636e+00
   1.4318798e+00
   1.4280630e+00
   1.4242418e+00
   1.4203924e+00
   1.4165300e+00
   1.4126477e+00
   1.4087380e+00
   1.4048245e+00
   1.4008828e+00
   1.3969161e+00
   1.3929311e+00
   1.3889321e+00
   1.3849162e+00
   1.3808587e+00
   1.3768022e+00
   1.3727239e+00
   1.3686059e+00
   1.3644900e+00
   1.3603295e+00
   1.3561712e+00
   1.3519695e+00
   1.3477657e+00
   1.3435213e+00
   1.3392541e+00
   1.3349864e+00
   1.3306743e+00
   1.3263416e+00
   1.3219886e+00
   1.3176239e+00
   1.3132208e+00
   1.3087941e+00
   1.3043435e+00
   1.2998671e+00
   1.2953625e+00
   1.2908278e+00
   1.2862608e+00
   1.2816592e+00
   1.2770210e+00
   1.2723441e+00
   1.2676262e+00
   1.2628653e+00
   1.2580591e+00
   1.2532056e+00
   1.2483026e+00
   1.2433479e+00
   1.2383394e+00
   1.2332750e+00
   1.2281525e+00
   1.2229697e+00
   1.2177246e+00
   1.2124149e+00
   1.2070386e+00
   1.2015935e+00
   1.1960773e+00
   1.1904881e+00
   1.1848236e+00
   1.1790818e+00
   1.1732603e+00
   1.1673572e+00
   1.1613702e+00
   1.1552973e+00
   1.1491362e+00
   1.1428848e+00
   1.1365410e+00
   1.1301026e+00
   1.1235676e+00
   1.1169336e+00
   1.1101987e+00
   1.1033606e+00
   1.0964172e+00
   1.0893663e+00
   1.0822059e+00
   1.0749337e+00
   1.0675477e+00
   1.0600456e+00
   1.0524253e+00
   1.0446847e+00
   1.0368217e+00
   1.0288340e+00
   1.0207196e+00
   1.0124763e+00
   1.0041019e+00
   9.9559437e-01
   9.8695146e-01
   9.7817106e-01
   9.6925104e-01
   9.6018923e-01
   9.5098349e-01
   9.4163169e-01
   9.3213167e-01
   9.2248129e-01
   9.1267839e-01
   9.0272085e-01
   8.9260650e-01
   8.8233321e-01
   8.7189882e-01
   8.6130120e-01
   8.5053819e-01
   8.3960765e-01
